30
1
15
1:1,2,3,4,5,6,7,8,9,10,11,12,13,14,15,16,17,18,19,20,
2:1,3,4,5,6,7,8,9,10,11,13,15,16,18,19,20,21,2224,25,2,26,27,28,29,
3:1,2,3,4,5,6,7,8,9,10,11,12,13,16,19,20,21,22,23,24,25,28,29,30,
4:1,2,3,4,5,6,7,8,9,10,11,12,13,15,16,20,21,22,23,24,25,26,27,28,
5:1,2,3,4,6,7,8,9,10,11,12,13,14,15,16,17,18,19,20,21,22,23,25,26,28,29,
6:1,2,3,4,5,28,7,9,10,11,12,13,14,15,16,18,19,20,21,22,23,24,25,26,27,30
7:1,2,3,4,5,27,9,10,11,12,13,14,15,16,18,19,20,23,24,28,29,30,6,7,
8:1,2,3,4,5,17,18,10,11,12,13,14,16,19,20,21,22,23,24,25,8,26,28,29,
9:1,2,3,4,5,7,13,10,11,12,14,15,16,18,19,20,21,22,24,25,26,27,28,29,30,
10:1,2,3,4,5,15,11,12,13,14,16,17,18,19,20,21,22,23,24,25,26,29,6,7,8,9,
11:1,2,3,4,5,10,12,14,15,16,17,18,19,20,21,22,23,24,26,27,6,11,7,8,9,
12:1,3,4,5,11,16,12,13,14,17,19,20,22,23,27,28,29,30,6,7,8,9,10,
13:1,2,3,4,5,9,14,16,17,18,19,20,21,22,23,24,25,29,30,6,7,8,10,12,
14:1,4,5,13,15,6,7,8,9,10,11,12,22,23,16,17,18,19,20,21,28,30,29,24,26,27,
15:1,2,4,5,14,10,6,7,9,11,15,28,18,20,21,22,24,25,26,27,
16:1,2,3,4,5,12,17,6,7,8,9,10,11,13,14,23,18,19,21,22,29,30,24,25,27,28,
17:1,5,16,8,10,11,12,13,17,14,30,18,19,20,21,22,23,26,27,29,
18:1,2,5,8,19,6,7,9,10,11,13,14,15,16,17,20,21,22,23,24,26,27,28,29,30,
19:1,2,3,5,18,20,6,7,8,9,10,11,12,13,19,14,16,17,21,23,24,26,27,29,30,
20:1,2,3,4,5,19,21,6,7,8,9,10,11,12,13,20,14,15,17,18,22,26,27,28,29,
21:3,2,4,5,20,22,6,8,9,10,11,13,14,15,16,17,18,19,23,24,26,25,27,28,29,30,
22:3,2,4,5,21,23,6,8,9,10,11,12,13,14,15,16,17,18,20,24,25,26,27,28,29,30,
23:3,4,5,22,24,6,7,8,10,11,12,13,23,14,16,17,18,19,21,25,26,27,28,29,30,
24:3,2,4,23,25,6,7,8,9,10,11,13,14,15,16,18,19,21,22,26,27,28,30,
25:3,2,4,5,24,26,6,8,9,10,13,25,15,16,21,22,23,28,29,30,
26:2,4,5,25,29,6,8,9,10,11,26,15,17,18,19,20,21,22,23,24,27,28,29,
27:2,4,28,7,6,9,11,12,27,14,15,16,17,18,19,20,21,22,23,24,26,29,30,
28:3,2,4,5,6,27,8,9,7,12,28,14,15,16,18,20,21,22,23,24,25,26,29,30,
29:3,2,5,26,30,7,12,8,9,10,13,29,14,16,17,18,19,20,21,22,23,25,26,27,28,
30:3,29,12,6,7,9,13,30,14,16,17,18,19,21,22,23,25,27,28,24,
